# Mahe
36, 11, 16, 4
36, 13, 18, 4
36, 15, 20, 4

# Suv
\9, 37, 10, 8, 5

# Andrew Boudreau

# Arcade Express
\9, 0, 21, 30, 0

# Brian Sallee codes 9-17
\9, 9, 6, 38, 1

# Fabrice Ketels codes 73-81
\9, 73, 21, 38, 9

# Gelatt 27-35
\9, 27, 6, 46, 3

# Daniel Bauza 18-26
\9, 18, 21, 46, 2

# McMahon
52,  6, 55, 7
53,  8, 55, 7
54,  6, 57, 7
55,  8, 57, 7
56,  6, 59, 7
57,  8, 59, 7

# Sembiance

# Tomiyori
46, 20, 55, 6
47, 22, 55, 6
48, 20, 57, 6
49, 22, 57, 6
50, 20, 59, 6
51, 22, 59, 6

# Christian Bailey

# JT
58, 16, 107, 8
59, 18, 107, 8
60, 20, 107, 8
61, 22, 107, 8
62, 24, 107, 8
63, 16, 109, 8
64, 18, 109, 8
65, 20, 109, 8
66, 22, 109, 8
67, 24, 109, 8
68, 16, 111, 8
69, 18, 111, 8
70, 20, 111, 8
71, 22, 111, 8
72, 24, 111, 8

# Table end marked by ID 255
255, 0,0,0